0.30486394833221925
0.3176496858490402
0.7903959063128752
0.8917706900348198
0.45099054210848594
0.6535302129694146
0.612662118644039
0.5216395533110068
0.5094971216483425
0.8839251866412935
0.6942935855744651
0.31598635614250986
0.5364763515263581
0.354944542722204
0.652966461044988
0.42903244847329935
0.44896001452723333
0.5139473651665026
0.0
0.6645121378204674
0.7819053481519881
0.3731311849165555
0.8871076890330065
0.6134435656383895
0.7699195745845279
0.4313205626002754
0.4423291086697537
0.8189560443176825
0.38742193377449713
0.6656326150879232
0.630543097406936
0.7423373782900735
0.6470365161692045
0.5890657451274599
0.6779597126896252
0.5960346822633865
0.3203991692698625
0.5097797139234571
0.2882723982315137
0.3729662971198897
0.7090568713242069
0.6840073085344642
0.7253194043621292
0.28665158131668095
0.7608104366211516
0.6738039245910731
0.22647658869785103
0.48206356357247526
0.7373011566953662
0.8757515452240571
0.11654715153062138
0.44813934873258326
0.5176047345805538
0.5205404546161129
0.5979887978090022
0.4718111065381532
0.3769541121246265
0.3151922467846412
0.2987494232748748
0.8907519881015147
0.5023680553441587
0.6150092940270383
0.3290916559914051
0.47781176955551563
0.6665166442212423
0.6610150970857342
0.5205356821738775
0.6040383267818281
0.6208944945466253
0.7526332134891698
0.8085168292850465
0.33378223330147183
0.8363397464628436
0.3661547452279635
0.537575052358221
0.37095955992931334
0.6760201012044408
0.7009850429499683
0.4568503384332763
0.2913073365705299
0.9295325334727367
0.3783861191568157
0.7075683288657741
0.5206991888634727
0.5152244411208661
0.5039533900956249
0.5938545419731809
0.41542899765568814
0.5124051281879549
0.5849868645331288
0.4768596205836166
0.4379185515162541
0.7564603030779967
0.6040483861839683
0.6258968378711757
0.6163284288378146
0.7750721404224277
0.6447966700667388
0.6350535432139854
0.4250251647932913
0.4583804182496084
0.43360763064202507
0.6816933882535663
0.35609599689861954
0.4868358891666135
0.8609297015436784
0.3864062367403959
0.6713041789855315
0.38887293832096115
0.7715381340691261
0.7866282288706286
0.2452255837119457
0.660478257558688
0.804231692827882
0.4747731587343099
0.2770213875825082
0.11351940241411626
0.7838580073902187
0.7803100085828172
0.2729928031461711
0.6483683112794437
0.5142389189700306
0.4720471997073645
0.19930583683519867
0.7172843565519765
0.7052566885414154
0.365689462341517
0.36457800214848535
0.7990118009964625
0.6017797646650896
0.6637653105610589
1.0
0.7302225076789837
0.11543492459590195
0.7872658764964645
0.6191055666236122
0.7236551746548894
0.3755851093642156
0.5620003733747548
0.5469531665049582
0.416157886119521
0.8732125116164631
0.2579149793031685
0.6173358182751316
0.8261392976823653
0.4735113666649722
0.6456553538192014
0.33108625859141494
0.7219031987943615
0.2884634798554493
